[Format]      =  4.0
[Frequency]   =  0
[Precision]   =  1e-008
[MinAngle]    =  30
[Depth]       =  1
[LengthUnits] =  millimeters
[ProblemType] =  axisymmetric
[Coordinates] =  cartesian
[ACSolver]    =  0
[Comment]     =  "Add comments here."
[PointProps]   = 0
[BdryProps]   = 1
  <BeginBdry>
    <BdryName> = "Open"
    <BdryType> = 2
    <A_0> = 0
    <A_1> = 0
    <A_2> = 0
    <Phi> = 0
    <c0> = 9094570.0687513128
    <c0i> = 0
    <c1> = 0
    <c1i> = 0
    <Mu_ssd> = 0
    <Sigma_ssd> = 0
  <EndBdry>
[BlockProps]  = 3
  <BeginBlock>
    <BlockName> = "Air"
    <Mu_x> = 1
    <Mu_y> = 1
    <H_c> = 0
    <H_cAngle> = 0
    <J_re> = 0
    <J_im> = 0
    <Sigma> = 0
    <d_lam> = 0
    <Phi_h> = 0
    <Phi_hx> = 0
    <Phi_hy> = 0
    <LamType> = 0
    <LamFill> = 1
    <NStrands> = 0
    <WireD> = 0
    <BHPoints> = 0
  <EndBlock>
  <BeginBlock>
    <BlockName> = "Magnet"
    <Mu_x> = 1.8859999999999999
    <Mu_y> = 1.8859999999999999
    <H_c> = 191262
    <H_cAngle> = 0
    <J_re> = 0
    <J_im> = 0
    <Sigma> = 0
    <d_lam> = 0
    <Phi_h> = 0
    <Phi_hx> = 0
    <Phi_hy> = 0
    <LamType> = 1
    <LamFill> = 1
    <NStrands> = 0
    <WireD> = 1
    <BHPoints> = 25
      0	0
      0.10034800000000001	8233.8839250000001
      0.14876	16191.633925
      0.15992100000000001	24149.383924999998
      0.17108200000000001	32107.133924999998
      0.18224399999999999	40064.883925000002
      0.19340499999999999	48022.633925000002
      0.204566	55980.383925000002
      0.215728	63938.133925000002
      0.22688900000000001	71895.883925000002
      0.23805000000000001	79853.633925000002
      0.24921099999999999	87811.383925000002
      0.26037300000000002	95769.133925000002
      0.271534	103726.883925
      0.28269499999999997	111684.633925
      0.29385600000000001	119642.383925
      0.30501800000000001	127600.133925
      0.31617899999999999	135557.883925
      0.32734000000000002	143515.633925
      0.338501	151473.383925
      0.349663	159431.133925
      0.36082399999999998	167388.883925
      0.37198500000000001	175346.633925
      0.38314700000000002	183304.383925
      0.39430799999999999	191262.133925
  <EndBlock>
  <BeginBlock>
    <BlockName> = "Iron"
    <Mu_x> = 14782
    <Mu_y> = 14782
    <H_c> = 0
    <H_cAngle> = 0
    <J_re> = 0
    <J_im> = 0
    <Sigma> = 0
    <d_lam> = 10.44
    <Phi_h> = 0
    <Phi_hx> = 0
    <Phi_hy> = 0
    <LamType> = 1
    <LamFill> = 1
    <NStrands> = 0
    <WireD> = 0
    <BHPoints> = 21
      0	0
      0.22706499999999999	13.898400000000001
      0.45412999999999998	27.796700000000001
      0.68119499999999999	42.397399999999998
      0.90825999999999996	61.415700000000001
      1.13533	82.382400000000004
      1.36239	144.66900000000001
      1.58935	897.75999999999999
      1.81236	4581.7399999999998
      2.01004	17736.200000000001
      2.1331600000000002	41339.300000000003
      2.1999900000000001	68321.800000000003
      2.2547899999999998	95685.5
      2.2999299999999998	123355
      2.3425099999999999	151083
      2.3787600000000002	178954
      2.4150100000000001	206825
      2.45126	234696
      2.4874999999999998	262568
      2.5237500000000002	290439
      2.5600000000000001	318310
  <EndBlock>
[CircuitProps]  = 0
[NumPoints] = 22
5	0	0	0
5	18.999917	0	0
9	18.999917	0	0
9	15.994621	0	0
7	5	0	0
7	4	0	0
14.5	4	0	0
14.5	2	0	0
12	2	0	0
12	0	0	0
10	18.999917	0	0
13.508858	18.999917	0	0
13.508858	17.999917	0	0
14.194093000000001	17.999917	0	0
14.194093000000001	15.994621	0	0
10	15.994621	0	0
12	15.994621	0	0
12	4	0	0
13	4	0	0
13	15.994621	0	0
0	100	0	0
0	-75	0	0
[NumSegments] = 23
0	1	-1	0	0	0
1	2	-1	0	0	0
2	3	-1	0	0	0
3	4	-1	0	0	0
4	5	-1	0	0	0
5	17	-1	0	0	0
17	18	-1	0	0	0
18	6	-1	0	0	0
6	7	-1	0	0	0
7	8	-1	0	0	0
8	9	-1	0	0	0
9	0	-1	0	0	0
16	17	-1	0	0	0
18	19	-1	0	0	0
19	16	-1	0	0	0
10	11	-1	0	0	0
11	12	-1	0	0	0
12	13	-1	0	0	0
13	14	-1	0	0	0
14	19	-1	0	0	0
16	15	-1	0	0	0
15	10	-1	0	0	0
21	20	-1	0	0	0
[NumArcSegments] = 1
21	20	180	2.5	1	0	0
[NumHoles] = 0
[NumBlockLabels] = 4
5.0499999999999998	0.050000000000000003	3	-1	0	0	0	1	0
12.050000000000001	15.944621	2	-1	0	90	0	1	0
10.050000000000001	18.949916999999999	3	-1	0	0	0	1	0
0.10000000000000001	0.10000000000000001	1	-1	0	0	0	1	0
[Solution]
528
0	100	0
3.8166963944669265	99.916719388412716	9.6708416055441311e-010
0	96.000000000000014	0
7.6261274904201235	99.667036083027895	3.7551664970144534e-009
5.4112454035982047	95.059650820586839	2.2786159169438019e-009
0	92	0
11.421041819254555	99.251425370208565	8.1796965123316635e-009
9.1552387910642583	96.095888653655308	6.0225923221615611e-009
8.6045512113533356	91.067596257678019	6.558035710469164e-009
0	84	0
15.194215545856453	98.670678388568348	1.4428362849481569e-008
12.586201669393397	94.273865311433951	1.1816458254497126e-008
15.133063012717436	91.180981823994173	1.8773232486973829e-008
14.300378214590197	84.392856150545413	2.2310750754644741e-008
0	70.125	0
18.938466219584054	97.92590062299432	2.2000431751706768e-008
16.406262109681954	94.97984942217191	1.883048648631673e-008
19.06582399529244	90.415591712396306	2.9051752695072551e-008
24.803019736428944	85.567339969393899	5.4510508937809852e-008
20.629529249549201	75.341766047254353	5.9179060748125508e-008
0	56.25	0
16.424195406039125	57.369707993426196	7.3251190323915656e-008
22.646666446470622	97.0185098002936	3.1702508247501212e-008
23.513903848377876	93.172549427557499	3.8226865821901383e-008
26.517900127304554	90.61921469507179	5.1395648034740328e-008
32.319632760733498	85.951952832189249	8.3048108416561418e-008
32.53588705230456	78.476252307852178	1.0627992833259433e-007
26.323095037603299	65.877956375757577	1.2063858936733412e-007
0	45.3125	0
5.7119857128036493	49.911352414655639	1.3900602381236757e-008
28.41329201605306	45.423590791657546	3.4053900262101288e-007
11.423971425607299	45.3125	6.9002492428596417e-008
19.944193272462808	41.458869945763887	2.3780365428026649e-007
26.311757456623958	95.950233190469973	4.2396184407400742e-008
29.926762540996076	94.723104318767099	5.5188331895722354e-008
30.455502309899074	90.816194266474682	6.4484643979147336e-008
36.893973699928445	87.313577805721081	9.7395091576170769e-008
38.819307217490532	83.258253570173267	1.1948171593872223e-007
43.833151906795308	67.114975370520099	2.4066183306079904e-007
43.152578663328661	77.082397901413486	1.7048474799943709e-007
42.978088948133774	53.070987960641176	3.8429362893341388e-007
0	39.84375	0
5.7119857128036493	42.578125	1.7296986388679059e-008
35.630264485211399	41.072063396573256	5.227113368100909e-007
28.207583375387667	37.081538690143738	5.4345296476587175e-007
10.752965161869188	37.427723605910188	6.7712174059964282e-008
16.021225552890087	37.909627345810989	1.8038142975893014e-007
22.627622362904138	35.87490813893271	4.3015784972429312e-007
33.484800331945422	93.339459094737705	6.8947780199192582e-008
36.979097902311267	91.801931365706977	8.5047783670965465e-008
40.403003658065536	90.113447903094482	1.0166539665043272e-007
43.750000000000071	88.277222831138474	1.2099095766342088e-007
43.274013932672354	83.813367874603784	1.367537904674505e-007
51.797352047016183	71.563560121389415	2.4226051467954405e-007
57.14747386468126	62.616989498819152	3.3648670555525517e-007
48.571606104009369	78.743312233422174	1.8382744084443018e-007
43.805310510873817	39.025333133675971	6.4020615743606603e-007
57.619013141590223	50.999793719201932	4.6042619654778396e-007
0	34.375	0
4.8382439735889857	32.17072622568628	-1.3338567205669905e-008
38.390716397947699	26.115535288090001	1.0510068722045471e-006
28.824219917084257	28.759765520640741	9.2039214546225849e-007
23.450649793075151	30.225611896289905	6.8994243390962766e-007
9.4999999999999893	29.614271968259008	-3.8140847677209126e-008
13.41976331215743	33.303197820444055	1.2138377632747962e-007
18.247513972003393	32.213409446878742	3.5668293413310788e-007
47.013715730347151	86.296751508627565	1.4034244485759116e-007
50.187938180716607	84.175803875286846	1.6213326690191054e-007
58.793289753678145	68.782330781190268	2.8853425026899322e-007
54.872844160517538	75.070486753155549	2.300702295605324e-007
64.883943165658877	60.074875465349358	3.7463885228718037e-007
64.97906919990757	64.651216615564451	3.3555243229622298e-007
53.266625038263136	81.918417275483151	1.8389269493768434e-007
51.626613940091715	25.302852892206253	9.2796321872901535e-007
63.585293009395386	31.033422788831846	7.2116709870450944e-007
66.858369773437573	53.070654721831453	4.4237268318389271e-007
68.595695113470128	42.682828223772326	5.5130713607644988e-007
0	28.90625	0
5.8685297575977007	26.954794973899418	-1.095981303763564e-007
41.533989638651803	16.70120356590273	1.2821573568292199e-006
30.20734457966925	20.499287953355346	1.5059095689041882e-006
25.779820913710907	25.166074035433105	1.1432224335808085e-006
21.698950862168438	26.81335323843517	8.3912319055952592e-007
18.933171466513954	28.443740876185721	5.3984551101204325e-007
9.7687641219236561	26.954794973899425	-1.6247740174441586e-007
12.204724522864687	28.544289745069015	2.3167224332079883e-008
15.109672890478647	28.691502801640887	2.3631036303081225e-007
61.871843353823003	74.371843353822982	2.5628349750196263e-007
64.511766970885958	71.61414316637034	2.8125422974226143e-007
56.243915847572275	79.528888772910648	2.0763065411803778e-007
59.114143166370361	77.01176697088593	2.3085882769620724e-007
69.985652176344104	59.262917745083413	3.8587136167140624e-007
67.02888877291069	68.743915847572254	3.0732006115557299e-007
69.418417275483179	65.766625038263115	3.3232046675473055e-007
64.489816897253931	21.829942450011767	7.9765430046538492e-007
50.554564764553639	3.0000000000000391	1.098666453573726e-006
69.299156116443356	29.72883288383353	6.8762443495344856e-007
71.754193351791031	35.05076661128296	6.1963281238618263e-007
70.990611918248518	55.578160810481698	4.1854963926428806e-007
73.794992469687401	52.985319227843952	4.4026743692522582e-007
72.553300939781508	48.279328501925967	4.8543421782428331e-007
75.981908587097507	38.292382466457937	5.6761394035507625e-007
77.574054402191322	42.666899900618972	5.2332630681433394e-007
0	23.4375	0
2.7468399140083957	25.508861942618488	-4.2736514270373524e-008
9.5	24.295317979539846	-4.4027677256328185e-007
6.0000000000000009	22.455560641221918	-4.2967010980597586e-007
30.949056259723292	14.041949814924987	1.8377526134006076e-006
37.740812345761803	9.3784719416914122	1.5277507503784959e-006
26.622716038575838	17.50874246589591	1.9216696249851515e-006
24.161556662218622	20.74292983758734	1.6341731855353187e-006
21.329499205654621	23.624120573944246	1.1777475200077397e-006
18.751475999180606	25.540525109106017	7.1494268237542105e-007
15.897948643164536	26.105376117370689	3.6870765500882856e-007
11.852093593049577	25.2800441412382	-1.4329560281612331e-007
71.675803875286874	62.687938180716586	3.5882082001483085e-007
73.796751508627594	59.51371573034713	3.8449735245250841e-007
73.650868720042212	20.566081970788687	7.1269448231907008e-007
74.111081713338677	25.747655688009541	6.7744655514182049e-007
68.652834615060783	8.0002554872470562	8.083377856600642e-007
42.928381844773519	-6.1379355731940164	1.0998899074622464e-006
41.533989638651839	0.9385597713530327	1.2984772664790088e-006
48.996102280363054	-10.94749524631681	9.1578238288581099e-007
63.241274610772592	-12.093186671403927	7.559338316917907e-007
75.049002432725061	30.864374061179838	6.3444211144976824e-007
77.05370087747022	34.505909337647083	5.9372486704944102e-007
75.777222831138474	56.250000000000036	4.1074839888342811e-007
77.613447903094496	52.903003658065501	4.3579475784306773e-007
79.301931365706963	49.479097902311224	4.6119937002157135e-007
80.68681425371534	36.018061666037873	5.6362186004183039e-007
80.839459094737663	45.98480033194538	4.8608071496865769e-007
82.223104318767071	42.42676254099603	5.0864045017020563e-007
0	20.703125	0
2.8566012058465575	22.0703125	-9.1888395637152555e-008
10.9761871154952	22.885296194882187	-5.6053943334994104e-007
9.5	21.624012100776156	-1.1164062442505987e-006
7.5864124902082573	20.944170591239519	-1.030404672469404e-006
5.8656416514293204	20.540826803368414	-5.5427900900533368e-007
3.9921618273439217	20.57969534927992	-2.0599826941022416e-007
25.420655303662958	13.626433433809453	2.384715601792498e-006
29.52321411632127	8.6844461820710706	2.0571520938279249e-006
32.513414512750032	3.0000000000000004	1.6965841678879271e-006
22.587821354792172	17.022020448915271	2.2912894549473751e-006
22.024929641364324	19.453347408796468	1.8835055032947804e-006
20.16051715468403	21.302833718352574	1.4889058396260903e-006
16.66557179668936	23.513044235928902	6.8997862814045144e-007
14.103598396766946	24.083066278938453	1.6210378555937878e-007
79.674702132220261	20.683925148928115	6.5981889632910571e-007
79.560413571588541	24.745518862275681	6.4096682774168548e-007
79.233432917706295	14.228879656533726	6.8325226663065652e-007
78.493906751466582	28.549681182424589	6.2706746475351291e-007
77.50048271335487	4.0123167288384973	7.0506812321434118e-007
73.361314362709791	-5.4513994177908671	7.0526170773898664e-007
36.253228415975201	-3.4060053603424789	1.3104968570538822e-006
39.487861414078857	-12.477015565737226	9.4150133104371819e-007
56.981265176960591	-19.923742003197209	6.9147676276625994e-007
46.399423413899171	-24.739474358290579	6.1629186354985679e-007
66.215424137885975	-23.827025646497148	6.0178416528568976e-007
72.472798306454251	-15.683129899251437	6.4901202591614761e-007
80.183818423722883	32.120855540444545	5.9300202112705261e-007
83.450233190469945	38.811757456623909	5.3083819170820923e-007
84.518509800293558	35.146666446470576	5.5041964785861333e-007
0	17.96875	0
1.9832731073869838	20.227159343947278	-4.2958240007307019e-008
12.508858	21.693286997858021	-3.0673076293787533e-007
11.020878914315656	20.944170591239519	-1.0634559820985401e-006
9.5	20.264329081702883	-2.0173295886897278e-006
8.5	19.928703566636166	-1.9225243842123272e-006
7.5	19.868062892874182	-1.2766801037636941e-006
7	18.999917	-1.084038424399575e-006
5	18.999917	-2.8284352458608654e-007
2.6385705544753373	17.812422187499998	-4.7313126017618181e-008
21.237626332250386	12.588110108404305	3.1228731485315748e-006
23.101189482858945	8.5756968608402442	2.829651151588234e-006
28.00806835701929	2.1966056063092951	1.9089718090861441e-006
29.537634614806841	-2.1166314145149983	1.5447878884952374e-006
20.373601917522482	17.582167402660712	2.3706866938822733e-006
19.895455793548276	14.927671795662302	3.0448667851791606e-006
18.709515052493721	19.146567361690362	1.9927682621768347e-006
17.573771706431927	21.050564641014383	1.2912361003269495e-006
14.722252415005173	21.748917649711981	4.7270257830249788e-007
82.650404133694877	17.917193690001231	6.4604168640516673e-007
83.619462347158915	21.657820530390033	6.2650767914586835e-007
82.429510697953475	28.896249114876763	5.9984849713121823e-007
83.94265983695891	10.668364646547852	6.4934072246886671e-007
82.095245397273942	7.1191933359959085	6.6550638706034856e-007
82.615743703772353	-0.21577914731644876	6.5167237127437704e-007
79.607152234136052	-3.3348471112448563	6.6462866181311611e-007
77.924125124552617	-10.212811218307515	6.4606695275895594e-007
31.047272697122878	-7.8399325505225832	1.1605783640227429e-006
34.274450110124874	-23.838779968536404	5.6147265586181458e-007
24.625692130040033	-16.440962895728823	6.6371557941436499e-007
53.914815922530543	-26.822088324088451	5.8503775860038836e-007
61.127312298967787	-29.051480396566468	5.5039633154880756e-007
47.826797500916783	-34.190062199968374	4.571605306772396e-007
38.855071651777642	-34.374803048821754	3.9907627457505769e-007
69.785760599344272	-26.454694765196464	5.6222729699881904e-007
66.299485617016529	-31.799899994328271	5.1354944373293733e-007
72.796244291600715	-23.399134904660322	5.790649361930718e-007
77.176733058993918	-17.512390080538275	6.0677954185537036e-007
79.650168312009754	-14.537588852696427	6.1107720425262902e-007
76.990594235976715	-21.37667224344986	5.784593724876725e-007
85.425900622994249	31.438466219584004	5.6798953476039222e-007
0	15.234375	0
12.008858	19.951721055283592	-7.7117743973276304e-007
13.008858	20.34660199892901	-5.2191200467039645e-008
10	18.999917	-3.505984540484484e-006
11.508857999999998	18.999917	-1.491999862499371e-006
9	18.999917	-3.5950217074965997e-006
8	18.999917	-1.8432427766905431e-006
6.8779808873963173	17.623358268316199	-3.8328564865216851e-006
5	16.624927374999999	-7.961579229480622e-008
2.9429733995233174	15.4374325625	-2.5104507596480294e-008
20.247030368884968	8.6830163490286054	3.4131259375404646e-006
19.158725888547995	11.785144780454631	3.7089535695549159e-006
21.562866036431192	5.670828137448674	2.8297527960170218e-006
23.478950164589552	3.0000000000000004	2.3238895052781239e-006
25.206575433898401	-1.4221267596546494	1.7209791243450446e-006
25.607541374112131	-6.5426397914219265	1.2432744628180345e-006
18.165791648333084	16.997268999999999	2.7690448109516841e-006
17.483723072462404	15.511770635948912	3.4790865470310068e-006
16.946869336244745	12.994621	4.301946468557378e-006
16.886196192463935	17.885366773973804	2.457114054486302e-006
15.679042181139987	19.752229654750959	1.3652517675217256e-006
87.16703608302781	20.126127490420085	6.0682172807853816e-007
87.416719388412616	16.316696394466891	6.1460148327108971e-007
86.75142537020848	23.921041819254512	5.9603690166344545e-007
86.170678388568277	27.694215545856409	5.8267468505976401e-007
87.500000000000071	12.499999999999991	6.2049929782732431e-007
87.416719388412616	8.6833036055330872	6.2420902445756064e-007
87.16703608302781	4.8738725095798943	6.2503684485111361e-007
86.75142537020848	1.0789581807454667	6.2343679912396657e-007
86.170678388568263	-2.6942155458564265	6.1947181323908869e-007
81.193112680405008	-7.3678282738146743	6.3735316845663607e-007
85.42590062299422	-6.4384662195840257	6.1267198518840394e-007
84.518509800293529	-10.146666446470594	6.0402609365788367e-007
83.450233190469902	-13.811757456623926	5.9307712688105542e-007
22.331952614982441	-26.119784479599666	3.3100766660442773e-007
29.501959381714528	-35.476993124044398	2.8410587653637032e-007
17.157950900914688	-15.134037038232393	4.8353002290171429e-007
20.111793594918947	-7.5772419936486823	1.0411847549868872e-006
15.24977524595085	-20.42413417976169	2.7026333987517909e-007
57.362308972022348	-33.538120237849277	4.9291342841709806e-007
62.245518116208949	-34.800811041744609	4.82551725981498e-007
40.794289821764131	-43.136391191535424	3.0361117953502089e-007
50.925446506162061	-45.569342399879979	3.3570596138757246e-007
34.333301739851784	-42.125905599875274	2.6203280817597585e-007
73.793208845188119	-27.984340697935384	5.3643842726512006e-007
70.983158946979316	-30.573638236493743	5.1910490179951887e-007
69.983960623575484	-34.26178748565853	4.8603889861612081e-007
66.958931663438889	-36.596319979316014	4.650784453487303e-007
79.30193136570692	-24.479097902311231	5.4649255976447877e-007
77.613447903094439	-27.903003658065501	5.2598951790819826e-007
82.223104318767028	-17.426762540996044	5.8051522127259197e-007
80.839459094737634	-20.984800331945383	5.6472922839125278e-007
0	12.5	0
2.9125325400507887	13.0624429375	-1.0275193497922175e-008
12.508858	18.999917	-3.6946449025254188e-007
13.508858	18.999917	7.4108285502256977e-007
9	17.999917	-8.2993938573146157e-006
10	17.999917	-8.2819796757013828e-006
12.008858	18.096737510062351	-4.1328135734487983e-006
8.2429973420946556	17.568422280509491	-7.6889802160266805e-006
7.9478352377464923	16.748593	-9.3718445219645239e-006
6.9899420140519197	16.245944999999999	-6.8352707295995414e-006
5	14.249937750000001	-2.5699710363842674e-008
17.745691666196862	10.061800746554304	4.1419258969602508e-006
17.649213478538083	7.4959657499999999	3.9046062397869708e-006
16.959774800542434	11.422936987503578	4.4242634351707006e-006
18.933789284864709	3.0000000000000004	2.6960616664008837e-006
21.206369724727125	0.37753004886956765	2.0683456584782721e-006
21.170210634981689	-3.1391502173336847	1.5467937981905654e-006
16.179608082807984	16.497268999999999	3.328979423564405e-006
15.95597197250655	14.930479393650872	4.2573094004858726e-006
15.824333828175687	12.509735489718432	4.8721977103419769e-006
15.181786934851189	13.550088033251591	5.0900750475846107e-006
15.37705383385036	17.499917	2.6675761794333482e-006
14.194093000000001	17.999917	1.8847656678131385e-006
20.789267266784908	-34.727505304405739	1.8309638206974694e-007
14.22151030066221	-28.953658725625669	1.3711528623728733e-007
30.258918057703337	-47.2410640271587	1.8034101603294139e-007
22.280689135507593	-44.79469706234925	1.2539060497210348e-007
10.352420945984441	-11.793381968531484	2.8219791864121722e-007
10.98263922166436	-16.7611009766294	1.9862335723968935e-007
14.317709857101768	-8.1049371616328472	6.7907066063492167e-007
16.608029551733772	-3.1975369396672146	1.3192986440795419e-006
9.7536918473389349	-21.615490286270411	1.0604069767271938e-007
60.330032530087813	-40.408018540474394	4.2079508513597295e-007
65.642092204146678	-40.183348835076544	4.2992084498459583e-007
43.068424948107001	-49.103528615773023	2.6106847652451687e-007
36.915566548641024	-48.134013170721097	2.2794165517295389e-007
47.454265306656772	-52.219451664519568	2.5983769511056753e-007
56.667751648899483	-46.69590564463045	3.4675662060518009e-007
52.100784178180177	-52.416231685245727	2.8057246319528373e-007
75.777222831138417	-31.250000000000028	5.0429880696911527e-007
73.796751508627523	-34.513715730347116	4.799566196632101e-007
71.675803875286803	-37.687938180716564	4.5448306603291076e-007
69.418417275483094	-40.766625038263079	4.27232104155218e-007
0	9.765625	0
2.5560376491987813	10.687453312500001	-2.9594022759139211e-009
5	11.874948125	-9.6227401766512302e-009
13.508858	17.999917	1.5147511062976048e-006
9.5	17.364336910708651	-1.1304118866552105e-005
9	16.999917	-1.3019218593201811e-005
11.316953290460917	17.13565351120053	-1.1432942877205498e-005
10	16.999917	-1.3047875948556779e-005
12.5	17.188710678476394	-4.4662787036937914e-006
8.538159446442819	16.748593	-1.1972861550191254e-005
7.6869056753475196	16.081795240398005	-1.0085397655327575e-005
8.3838693366431176	16.245944999999999	-1.3103444989917384e-005
6.8934692099336203	14.248107366658305	-9.219996895014564e-006
7.6740313368999269	15.170970853366596	-1.2145829498954271e-005
7.152727412384392	12.781142041377271	-1.2866932240841607e-005
16.420237244756514	10.220181243595272	4.5959398871207537e-006
16.003363994946952	8.1757701115343924	4.4873880929042009e-006
15.404832263274475	6.4986552500000005	4.3242265319214929e-006
15.936579064621213	4.8929349717587263	3.7106551828357074e-006
15.35348271942857	10.994620999999999	5.0613457547599113e-006
16.638650863704889	1.5705170361459686	2.3997178953153244e-006
16.604124285548952	3.0000000000000004	2.9202596810415677e-006
17.768956785206829	-0.098035702047934783	1.9679783573522554e-006
15.103693839200805	16.497268999999999	3.701366215495279e-006
14.434502209061186	14.494621	5.4092935679016565e-006
14.194093000000001	15.994621000000002	4.8352593090799233e-006
14.601643566025279	12.494621	5.4911761920733819e-006
13.978665829186486	13.494621000000002	5.9032163836552845e-006
14.194093000000001	16.999917	3.2195020405044268e-006
10.395533019554932	-39.928050929562488	4.2151933261649828e-008
0	-31.25	0
34.945481499013269	-54.145625647714262	1.7349270517132755e-007
29.956109584122839	-55.58043780999153	1.3452792795778608e-007
14.300378214590197	-59.392856150545278	3.3724974465512921e-008
6.8091776294956148	-13.993859469801599	1.0378804486818744e-007
6.3809514120249986	-10.025696831869443	1.2656412376878414e-007
6.75	-6.3170511785901367	2.0017518783705378e-007
5.0534062823545742	-17.578125	4.0918881676755829e-008
13.504630540950082	-2.7507758577670507	1.0373973471028076e-006
10.25	-3.8857240668963282	5.4427581808090803e-007
15.10040454581093	-1.4926796479275912	1.4437182136090918e-006
0	-20.3125	0
60.577620371387781	-45.490455746976174	3.7076717673180275e-007
67.028888772910591	-43.743915847572218	3.9927967001424591e-007
64.511766970885873	-46.614143166370297	3.6934424694293152e-007
44.14936022769048	-54.373837052453531	2.2689381032657614e-007
40.107854887681796	-53.595699250745369	2.0917969447468859e-007
46.696586114499773	-57.38637987576562	2.1989297749249229e-007
59.114143166370297	-52.011766970885887	3.108882971754999e-007
61.871843353822932	-49.371843353822946	3.4067217636321397e-007
56.243915847572211	-54.528888772910626	2.8085215410870144e-007
53.266625038263079	-56.918417275483115	2.5306455975304769e-007
0	7.03125	0
3.2093717251220433	8.4732895794200225	-1.1201925383574244e-009
5	9.4999585	-3.6923936038588958e-009
6.6245764411332591	11.457412062490061	-1.0588365601541899e-005
9.4394912589280011	16.748593	-1.4218146084051233e-005
9	16.497268999999999	-1.5347832604367888e-005
12.000000000000002	15.994621000000002	-2.279521512332145e-005
11	15.994621000000002	-2.1225316816774012e-005
10	15.994621000000002	-1.84192282809048e-005
9.5	16.245944999999999	-1.6622644186498145e-005
13	15.994621000000002	6.6944860363250868e-006
9	15.994621000000002	-1.7486408206482754e-005
8.875	15.307457187499999	-1.9513071183083941e-005
8.75	14.620293374999999	-2.082763357480574e-005
8.5	13.245965750000002	-2.244754972487813e-005
8.25	11.871638125	-2.3408361960190357e-005
15.207187122472941	9.7042049317013337	4.9811965199447132e-006
14.35751451135582	7.4959657499999999	4.8890560721456865e-006
14.119498437745888	8.9946210000000004	5.2516145500588344e-006
13.953513499098339	6.4986552500000005	4.815459860202238e-006
14.357793352694436	5.5	4.4370020469986392e-006
15.636856267035565	3.6784173761296111	3.3247762040105417e-006
14.500000000000002	4	3.8815611693529284e-006
13.90704733459039	11.494621	5.7612520598263739e-006
14.176741359714287	10.494621	5.4943216977067587e-006
15.552062142774476	2.5	2.6918664858667073e-006
15.792371362966211	0.41794398632328728	1.9542513708304053e-006
13	14.994621	6.758631464315799e-006
13	13.994621	6.7206566898790599e-006
13	12.994621	6.5186783037314406e-006
13	11.994621	6.313363628350449e-006
0	-45.125	0
38.897070913997723	-57.512740011898963	1.7803135522980134e-007
35.694972954298407	-59.882244810747821	1.4782394295992366e-007
22.096751178693435	-63.31051888049462	6.1113378155040495e-008
29.224346771998832	-62.650283052884198	1.0103418238745123e-007
0	-59.000000000000007	0
8.6045512113533	-66.067596257677891	9.9100304970785442e-009
15.724749769055865	-66.55365551777129	2.9838105689567738e-008
3.2908810675943205	-12.109375	2.8831332566064729e-008
3.3683939541706822	-7.8314436548180399	4.2376149701087913e-008
5.2456003266400968	-4.6369577405580804	1.2659645640125125e-007
7.8332090493253634	-3.9584619858830798	3.1265916043597264e-007
0	-14.84375	0
11.5	-2.0603844172504369	8.2187131222421548e-007
13.090983862562314	-1.1901416081132377	1.1948286316882824e-006
9.25	-1.9991578476217948	4.9737841891771377e-007
13.75	0.37500000000000006	1.6096518272289959e-006
42.837818654701586	-58.094540303593348	1.9603451645630291e-007
50.187938180716557	-59.175803875286803	2.2432157410427378e-007
47.013715730347108	-61.296751508627523	1.9817813567732551e-007
0	4.296875	0
2.5102507450364575	6.5312214687500001	6.0885562445752416e-010
1.9853903637327481	5.0322754182561411	1.7446698239742688e-009
3.908492705207629	6.5312214687500001	9.442957765533472e-010
5	7.1249688750000004	-3.4341368231113054e-010
7.5	7.7486552500000005	-2.479097059541244e-005
8	10.497310500000001	-2.4062609454439085e-005
11.251865762833321	15.240780861289526	-2.193512225355547e-005
12.000000000000002	14.994621	-2.2930521290358596e-005
10.075594984922382	15.37079280096728	-1.9885095981960918e-005
10.530361941706225	14.924977520221001	-2.11591819258749e-005
9.5	15.622917050070821	-1.8799599312739661e-005
9.9143504609287909	14.763440821357513	-2.0787403797514922e-005
9.675939709745137	14.081605670640851	-2.1608632595100479e-005
9.4320547087545012	13.179578298482904	-2.2489048485718097e-005
9.7887533863083984	11.591727905937713	-2.3597923619876857e-005
13	6.9973105000000002	5.2268425693845964e-006
13	7.9946209999999995	5.4154542390147746e-006
13	9.9946210000000004	5.8402226542985798e-006
13	6.0000000000000009	5.0495219439000083e-006
13	5	4.9010144057609276e-006
14.500000000000002	3.0000000000000004	3.0203487073474325e-006
13	4	4.8082059080590583e-006
13	10.994620999999999	6.0714050894254961e-006
14.500000000000002	2	2.2399984799445352e-006
12.000000000000002	13.994621	-2.3258333632267229e-005
12.000000000000002	12.994621	-2.3720096715435821e-005
12.000000000000002	11.994621	-2.4104653352258168e-005
12.000000000000002	10.994620999999999	-2.4450699391161252e-005
40.427892160231956	-61.190316747652567	1.6660556249434251e-007
40.403003658065487	-65.113447903094425	1.4829485511866508e-007
36.97909790231121	-66.801931365706892	1.2428372762244986e-007
33.59520241084693	-63.85090538118402	1.1929761160997067e-007
19.817201446693485	-68.486217914532688	4.2225290120476834e-008
26.803968632609685	-66.461945336493173	7.6647206464368228e-008
29.92676254099602	-69.723104318767	8.2094426732504634e-008
33.484800331945365	-68.339459094737606	1.0312201562046868e-007
0	-67	0
5.4112454035981754	-70.059650820586683	3.4651777315225544e-009
12.683377037547322	-69.905223816226723	1.7662010676250902e-008
18.938466219584004	-72.925900622994178	3.367916522355322e-008
15.194215545856409	-73.670678388568206	2.1524673102818518e-008
0	-9.375	0
0	-6.640625	0
3.0866661575899683	-5.5170859070931328	4.05657482968431e-008
3.4904271597068726	-3.2208717644247975	5.3320138850921055e-008
5.0677640295406405	-2.3887792358219211	1.2059004479816505e-007
6.75	-1.7967896102486547	2.3612990759673878e-007
8.0625	-1.3043947745076871	3.6606642862169731e-007
11.5	-0.91545417702100784	9.3081054251237062e-007
10.5	-1.2121970795902368	7.0904124372384663e-007
12.000000000000002	0	1.1970122130379787e-006
10	0	6.4639959499715331e-007
8.5	0	4.2728856779007723e-007
13	2	1.6935389360071068e-006
12.000000000000002	1	1.458747990311005e-006
43.750000000000021	-63.277222831138403	1.7221519126496582e-007
0	1.5625	0
2.5870814431425346	3.5624844375000002	6.1147504552277008e-009
3.5427329106714445	5.3437266562500003	3.1497005442912558e-009
5	5.9374740624999998	1.7974224657824424e-009
6.0690818131002953	5.6161156433388975	-1.1467049553577068e-005
7.2500000000000009	6.3743276250000003	-2.4967528602823585e-005
9.7159483444252146	8.4946210000000004	-2.4703404563080062e-005
9.5	6.25	-2.5076128831229822e-005
9.8451457653605257	10.372219708854514	-2.4150420964529854e-005
10.999784475286146	14.494621	-2.2101303166314058e-005
10.368758823092143	14.28591067599764	-2.1748662701232844e-005
10.246163688018109	13.638228321608095	-2.2283755754230962e-005
10.821503612674498	12.494621	-2.3336030194921387e-005
11.131049108425616	11.494621	-2.3952979803440185e-005
11.059805498410974	10.494621	-2.4333034124228287e-005
12.000000000000002	7.9946209999999995	-2.5240407822929661e-005
12.000000000000002	6.0000000000000009	-2.5583166739161305e-005
12.000000000000002	8.9946210000000004	-2.5014286155458258e-005
12.000000000000002	9.9946210000000004	-2.4752639686137468e-005
12.000000000000002	5	-2.5689311253662839e-005
12.000000000000002	4	-2.5737950542929247e-005
12.5	3.0000000000000004	-4.1205437256885674e-006
22.646666446470569	-72.018509800293486	4.7294213776031573e-008
26.311757456623901	-70.950233190469874	6.4301901158860752e-008
0	-71	0
7.6261274904200915	-74.667036083027739	5.5123806125070285e-009
3.8166963944668999	-74.91671938841256	1.4438050260459635e-009
11.421041819254516	-74.251425370208409	1.2571535348475829e-008
0	-3.90625	0
0	-1.171875	0
3.1121288089328596	-0.38084927704383903	3.2907353062869004e-008
6.0471127038277546	-0.89839480512432734	1.7552324681975983e-007
5	0	8.6582266453178574e-008
7.1875	-0.87230665218735459	2.7777561034150473e-007
7.625	0	3.2464012862010061e-007
11	0	8.5399065083190966e-007
10.410714285714286	1.5892857142857144	-5.9495081208830702e-006
8.8270937791511201	1.3870102611940298	-6.4573783499279918e-006
8.0625	0.7734743145845111	-3.0791535915237954e-006
12.000000000000002	2	1.5730922912970571e-006
2.2410716368246266	1.3368128576045573	1.083089153235954e-008
3.9584596916252068	4.1562318437499997	7.2180793866618352e-009
3.7935407215712673	2.9687370312499999	1.3337710726003859e-008
5	4.74997925	5.108443082285066e-009
6.0468775936423595	4.5	-1.1473287671767812e-005
7	5	-2.5054119436642872e-005
8.5	5.5	-2.5074863208053418e-005
11.059805498410974	8.4946210000000004	-2.4910127240794199e-005
10.836538461538462	6.990384615384615	-2.5159886626257131e-005
10.693792246166968	9.4946210000000004	-2.4569059749550618e-005
9.5	5	-2.5180756277143936e-005
10.5	5.5	-2.5295666914392256e-005
11	4	-2.5469015558581065e-005
11.25	3.0000000000000004	-1.3468230749134161e-005
0	-75	0
3.782880199951475	1.4244751750513158	2.751001086652881e-008
6.75	0	2.3672036873057561e-007
5	2.374989625	1.9074134179094802e-008
6.143378138583409	1.5719572985478725	-2.8986107017058811e-006
7.1875	0.92853483606557374	-3.0146138070191621e-006
9.5	3.0811323840778035	-1.7616147850809333e-005
8.5	2.7740205223880596	-1.524743531131504e-005
7.5	1.90625	-8.2469462075037425e-006
5	3.5624844375000002	1.0615559112364931e-008
7	4	-2.5072522761305997e-005
6.1777418320716153	2.9687370312499999	-8.0793910530905967e-006
8	4	-2.5096392227865263e-005
9	4	-2.5158445101881166e-005
10	4	-2.5278982417987236e-005
7.5	3.0811323840778035	-1.6141462787884854e-005
952
1	0	2	3
1	2	4	3
1	4	3	3
5	4	2	3
4	7	3	3
7	6	3	3
5	8	4	3
8	7	4	3
9	8	5	3
11	6	7	3
8	11	7	3
6	11	10	3
9	13	8	3
8	12	11	3
12	8	13	3
14	13	9	3
10	11	16	3
12	16	11	3
10	16	15	3
13	17	12	3
16	12	17	3
14	19	13	3
13	18	17	3
19	18	13	3
16	22	15	3
21	19	14	3
20	21	14	3
23	16	17	3
18	24	17	3
23	22	16	3
19	26	18	3
17	24	23	3
21	27	19	3
25	24	18	3
18	26	25	3
29	21	20	3
26	19	27	3
20	28	29	3
21	30	27	3
33	22	23	3
33	23	24	3
21	29	31	3
21	32	30	3
24	25	35	3
21	31	32	3
26	37	25	3
38	26	27	3
34	33	24	3
35	34	24	3
36	35	25	3
27	30	40	3
25	37	36	3
29	28	42	3
29	42	31	3
37	26	39	3
26	38	39	3
40	38	27	3
44	30	32	3
31	46	32	3
41	42	28	3
43	40	30	3
44	43	30	3
48	34	35	3
42	45	31	3
35	36	49	3
31	45	46	3
37	50	36	3
44	32	47	3
46	47	32	3
37	39	52	3
39	38	53	3
35	49	48	3
40	54	38	3
36	50	49	3
37	51	50	3
40	43	56	3
52	51	37	3
42	41	59	3
38	54	53	3
45	42	59	3
55	52	39	3
39	53	55	3
43	44	61	3
57	54	40	3
62	44	47	3
57	40	56	3
45	64	46	3
58	59	41	3
65	47	46	3
60	56	43	3
61	60	43	3
44	62	61	3
45	59	63	3
51	52	66	3
45	63	64	3
52	55	67	3
62	47	65	3
53	54	68	3
65	46	64	3
55	53	69	3
57	70	54	3
67	66	52	3
56	74	57	3
60	73	56	3
68	69	53	3
54	71	68	3
59	58	77	3
67	55	72	3
71	54	70	3
69	72	55	3
78	63	59	3
61	80	60	3
70	57	75	3
56	73	74	3
62	81	61	3
57	74	76	3
57	76	75	3
62	65	83	3
73	60	79	3
63	85	64	3
77	78	59	3
86	65	64	3
60	80	79	3
81	80	61	3
87	69	68	3
82	81	62	3
78	84	63	3
88	68	71	3
62	83	82	3
69	89	72	3
91	71	70	3
63	84	85	3
86	83	65	3
85	86	64	3
75	91	70	3
94	74	73	3
68	88	87	3
69	87	90	3
73	79	95	3
97	76	74	3
89	69	90	3
75	76	100	3
88	71	92	3
93	71	91	3
71	93	92	3
78	77	104	3
95	94	73	3
75	98	91	3
94	96	74	3
80	107	79	3
105	84	78	3
96	97	74	3
80	81	110	3
75	99	98	3
76	97	101	3
99	75	100	3
81	82	111	3
112	82	83	3
76	102	100	3
102	76	101	3
95	79	108	3
86	113	83	3
114	85	84	3
86	85	113	3
77	103	104	3
106	78	104	3
78	106	105	3
79	107	108	3
107	80	109	3
80	110	109	3
91	115	93	3
81	111	110	3
84	105	114	3
82	112	111	3
98	116	91	3
94	118	96	3
83	113	112	3
119	94	95	3
114	113	85	3
96	124	97	3
116	115	91	3
97	125	101	3
99	126	98	3
95	108	121	3
100	127	99	3
94	117	118	3
119	117	94	3
100	102	128	3
101	129	102	3
120	95	121	3
95	120	122	3
95	123	119	3
124	96	118	3
103	133	104	3
126	116	98	3
123	95	122	3
133	106	104	3
97	124	125	3
135	105	106	3
126	99	127	3
105	134	114	3
100	128	127	3
140	108	107	3
125	129	101	3
139	107	109	3
128	102	130	3
109	110	142	3
131	102	129	3
102	131	130	3
111	144	110	3
111	112	144	3
132	133	103	3
113	145	112	3
121	108	141	3
114	146	113	3
105	135	134	3
135	106	136	3
138	106	133	3
136	106	137	3
106	138	137	3
118	117	148	3
119	149	117	3
107	139	140	3
108	140	141	3
109	142	139	3
150	124	118	3
146	114	134	3
119	123	152	3
121	153	120	3
142	110	143	3
154	122	120	3
110	144	143	3
122	155	123	3
144	112	145	3
146	145	113	3
124	159	125	3
148	117	147	3
149	147	117	3
125	159	129	3
141	153	121	3
148	150	118	3
149	119	151	3
129	160	131	3
119	152	151	3
154	120	153	3
133	132	163	3
156	122	154	3
159	124	150	3
155	122	156	3
123	158	152	3
134	135	165	3
163	138	133	3
155	157	123	3
135	136	167	3
157	158	123	3
168	136	137	3
146	134	164	3
170	137	138	3
129	159	161	3
161	160	129	3
139	173	140	3
172	139	142	3
140	174	141	3
162	163	132	3
176	142	143	3
164	134	165	3
178	143	144	3
165	135	166	3
135	167	166	3
144	145	179	3
153	141	175	3
146	180	145	3
167	136	168	3
171	138	163	3
137	169	168	3
137	170	169	3
149	181	147	3
147	182	148	3
171	170	138	3
183	150	148	3
173	139	172	3
149	151	185	3
174	140	173	3
175	141	174	3
146	164	180	3
151	152	187	3
142	177	172	3
150	183	159	3
142	176	177	3
153	189	154	3
171	163	162	3
143	178	176	3
152	158	188	3
156	154	190	3
179	178	144	3
155	156	192	3
145	180	179	3
157	155	193	3
181	182	147	3
158	157	198	3
183	148	182	3
184	181	149	3
153	175	189	3
149	185	184	3
186	185	151	3
159	202	161	3
151	187	186	3
152	188	187	3
165	204	164	3
191	154	189	3
154	191	190	3
203	171	162	3
206	165	166	3
193	155	192	3
195	156	190	3
167	208	166	3
194	192	156	3
183	202	159	3
167	168	209	3
156	195	194	3
158	200	188	3
209	168	169	3
193	197	157	3
205	180	164	3
170	210	169	0
197	196	157	3
198	157	196	3
170	171	211	3
201	158	198	3
158	199	200	3
158	201	199	3
172	213	173	3
216	174	173	3
214	172	177	3
175	174	217	3
177	176	219	3
219	176	178	3
164	204	205	3
165	207	204	3
165	206	207	3
208	206	166	3
178	179	223	3
179	180	223	3
218	189	175	3
208	167	209	3
203	212	171	3
224	182	181	3
209	169	210	0
225	181	184	3
210	170	211	0
227	183	182	3
211	171	212	3
189	218	191	3
185	229	184	3
214	213	172	3
186	230	185	3
215	173	213	3
215	216	173	3
232	186	187	3
216	217	174	3
187	188	233	3
223	180	205	3
217	218	175	3
221	214	177	3
183	227	202	3
177	219	220	3
221	177	220	3
190	191	237	3
222	219	178	3
222	178	223	3
190	238	195	3
236	188	200	3
193	192	242	3
192	194	242	3
225	224	181	3
182	224	226	3
195	244	194	3
193	243	197	3
182	226	227	3
184	228	225	3
248	196	197	3
196	247	198	3
184	229	228	3
230	229	185	3
186	231	230	3
186	232	231	3
218	240	191	3
198	251	201	3
200	199	253	3
187	234	232	3
201	254	199	3
187	233	234	3
188	235	233	3
235	188	236	3
190	237	238	3
204	257	205	3
257	204	207	3
191	241	237	3
239	191	240	3
191	239	241	3
256	212	203	3
259	206	208	3
207	206	260	2
259	208	209	0
243	193	242	3
238	246	195	3
194	245	242	3
209	210	262	0
245	194	244	3
246	244	195	3
211	264	210	0
258	223	205	3
211	212	265	3
253	236	200	3
243	250	197	3
248	247	196	3
213	214	266	3
197	249	248	3
267	215	213	3
250	249	197	3
252	198	247	3
269	216	215	3
251	198	252	3
234	233	235	3
270	217	216	3
268	214	221	3
201	251	254	3
253	199	254	3
218	217	271	3
219	272	220	3
222	272	219	3
221	220	273	3
256	203	255	3
257	258	205	3
223	276	222	3
206	259	260	3
207	261	257	2
207	260	261	2
271	240	218	3
209	262	259	0
265	212	256	3
210	263	262	0
264	263	210	0
211	265	264	0
213	266	267	3
214	268	266	3
215	267	269	3
237	278	238	3
269	270	216	3
237	241	279	3
258	277	223	3
217	270	271	3
239	283	241	3
221	274	268	3
239	240	284	3
238	280	246	3
220	272	273	3
275	221	273	3
222	276	272	3
275	274	221	3
287	243	242	3
242	245	287	3
223	277	276	3
289	245	244	3
246	290	244	3
243	288	250	3
294	247	248	3
295	248	249	3
247	294	252	3
279	278	237	3
249	250	296	3
285	240	271	3
281	238	278	3
281	280	238	3
239	282	283	3
284	282	239	3
279	241	286	3
240	285	284	3
255	299	256	3
241	283	286	3
301	258	257	2
246	280	290	3
243	287	288	3
261	301	257	2
300	265	256	3
259	302	260	3
290	289	244	3
262	303	259	0
287	245	292	3
245	289	291	3
260	304	261	2
245	291	293	3
293	292	245	3
262	263	307	0
288	297	250	3
264	308	263	0
301	277	258	3
248	295	294	3
264	265	310	0
249	296	295	3
297	296	250	3
266	268	313	3
266	314	267	3
299	255	298	3
269	267	316	3
299	300	256	3
269	320	270	3
317	268	274	3
320	271	270	3
259	303	302	3
272	321	273	3
260	302	305	3
301	261	306	2
272	276	321	3
260	305	304	2
275	273	322	3
306	261	304	2
262	307	303	0
274	275	324	3
271	320	285	3
312	265	300	0
263	309	307	0
277	326	276	3
309	263	308	0
264	311	308	0
327	278	279	3
264	310	311	0
281	278	327	3
312	310	265	0
330	280	281	3
328	279	286	3
313	314	266	3
314	315	267	3
332	283	282	3
267	315	316	3
268	317	313	3
280	329	290	3
284	334	282	3
283	335	286	3
326	277	301	2
316	319	269	3
285	336	284	3
318	269	319	3
269	318	320	3
340	288	287	3
324	317	274	3
273	321	323	3
323	322	273	3
287	292	340	3
322	325	275	3
276	326	321	3
290	344	289	3
289	343	291	3
275	325	324	3
297	288	341	3
311	309	308	0
291	345	293	3
292	293	346	3
326	301	306	2
279	328	327	3
330	329	280	3
281	327	331	3
281	331	330	3
320	338	285	3
282	333	332	3
298	351	299	3
282	334	333	3
283	332	335	3
300	299	352	3
328	286	339	3
337	334	284	3
284	336	337	3
336	285	338	3
354	302	303	3
339	286	335	3
302	354	305	3
344	290	329	3
353	312	300	0
355	303	307	0
305	357	304	2
304	356	306	2
342	288	340	3
321	326	323	3
288	342	341	3
355	307	309	0
343	289	344	3
343	345	291	3
292	347	340	3
309	311	362	0
363	311	310	0
292	346	347	3
364	310	312	0
293	348	346	3
345	349	293	3
293	349	348	3
326	306	360	2
314	313	366	3
366	313	317	3
367	315	314	3
298	350	351	3
370	316	315	3
352	299	351	3
352	353	300	0
319	316	371	3
323	326	360	2
355	354	303	3
375	318	319	3
376	320	318	3
324	373	317	3
356	304	357	2
359	305	354	3
357	305	358	2
377	322	323	3
305	359	358	3
356	360	306	2
378	325	322	3
361	355	309	0
379	324	325	3
340	347	342	3
365	312	353	0
309	362	361	0
338	320	376	3
362	311	363	0
327	328	381	3
363	310	364	0
331	327	381	3
365	364	312	0
383	329	330	3
330	331	384	3
368	314	366	3
314	368	367	3
369	315	367	3
315	369	370	3
333	389	332	3
382	344	329	3
332	389	335	3
390	333	334	3
317	374	366	3
316	370	372	3
316	372	371	3
360	377	323	3
334	337	392	3
317	373	374	3
371	375	319	3
393	339	335	3
337	336	394	3
355	359	354	3
395	336	338	3
318	375	376	3
359	355	361	3
322	377	378	3
324	380	373	3
378	379	325	3
324	379	380	3
344	398	343	3
345	343	398	3
345	399	349	3
383	382	329	3
386	331	381	3
383	330	385	3
330	384	385	3
331	388	384	3
351	350	402	3
386	387	331	3
331	387	388	3
351	405	352	3
366	374	368	3
376	397	338	3
390	389	333	3
407	353	352	0
391	390	334	3
393	335	389	3
392	391	334	3
356	357	408	3
398	344	382	3
353	407	365	0
360	356	409	1
396	392	337	3
395	394	336	3
357	358	410	3
337	394	396	3
412	358	359	3
395	338	397	3
412	359	361	3
361	362	412	3
413	362	363	3
364	414	363	3
400	345	398	3
415	364	365	3
400	399	345	3
360	409	377	1
418	367	368	3
417	369	367	3
350	401	403	3
350	403	402	3
404	351	402	3
420	370	369	3
351	404	405	3
368	374	419	3
406	352	405	0
421	372	370	3
409	378	377	1
407	352	406	0
371	372	422	3
422	375	371	3
374	373	424	3
356	408	409	3
425	376	375	3
357	411	408	3
424	373	380	3
411	357	410	3
358	412	410	3
378	427	379	1
427	380	379	1
362	413	412	3
407	416	365	3
413	363	414	3
364	415	414	3
430	382	383	3
415	365	416	3
425	397	376	3
383	385	433	3
367	418	417	3
385	384	435	3
419	418	368	3
384	388	434	3
420	369	417	3
382	430	398	3
438	387	386	3
370	420	421	3
426	378	409	1
388	387	440	3
423	372	421	3
424	419	374	3
422	372	423	0
422	425	375	3
443	389	390	3
389	443	393	3
445	390	391	3
391	392	447	3
426	427	378	1
380	429	424	1
411	410	413	3
428	380	427	1
410	412	413	3
380	428	429	1
449	392	396	3
394	395	450	3
396	394	451	3
397	452	395	3
383	431	430	3
432	431	383	3
433	432	383	3
435	384	434	3
385	437	433	3
398	457	400	3
435	436	385	3
385	436	437	3
441	434	388	3
401	459	403	3
387	438	439	3
403	460	402	3
439	440	387	3
402	460	404	3
404	461	405	3
440	442	388	3
441	388	442	3
429	419	424	1
406	405	463	0
425	455	397	3
407	406	464	3
443	390	444	3
444	390	445	3
391	446	445	3
467	409	408	3
447	446	391	3
430	457	398	3
467	408	411	3
392	448	447	3
392	449	448	3
416	407	466	3
468	411	413	3
451	394	450	3
414	468	413	3
395	452	450	3
414	415	469	3
454	449	396	3
453	396	451	3
470	415	416	3
409	467	426	3
433	437	432	3
455	425	422	0
396	453	454	3
397	456	452	3
397	455	456	3
473	417	418	1
474	420	417	1
418	419	475	1
420	474	421	1
458	459	401	3
457	430	431	3
459	460	403	3
478	423	421	1
426	469	427	3
476	419	429	1
479	422	423	0
427	470	428	3
461	404	460	3
405	461	462	0
429	428	471	3
405	462	463	0
463	465	406	3
406	465	464	3
464	466	407	3
411	468	467	3
435	434	480	3
414	469	468	3
436	435	481	3
415	470	469	3
466	472	416	3
434	441	480	3
479	455	422	0
416	471	470	3
416	472	471	3
439	438	482	3
469	426	467	3
483	440	439	3
417	473	474	1
473	418	475	1
470	427	469	3
442	440	485	3
428	470	471	3
419	476	475	1
421	474	477	1
429	471	472	3
445	486	444	3
478	421	477	1
472	476	429	3
446	486	445	3
478	479	423	0
447	488	446	3
447	448	489	3
448	449	491	3
493	451	450	3
493	450	452	3
449	454	492	3
481	435	480	3
493	453	451	3
456	493	452	0
453	495	454	0
467	468	469	3
482	484	439	3
439	484	483	3
455	497	456	3
485	440	483	3
498	459	458	3
459	499	460	3
486	446	487	3
487	446	488	3
460	501	461	3
462	461	501	0
490	488	447	3
490	447	489	3
448	491	489	3
503	463	462	0
479	497	455	0
449	492	491	3
504	465	463	3
464	465	506	3
464	507	466	3
493	494	453	0
494	495	453	0
492	454	496	0
498	458	487	3
494	493	456	0
472	466	507	3
454	495	496	0
497	494	456	0
475	505	473	3
474	473	506	3
476	472	507	3
498	500	459	3
459	500	499	3
507	475	476	3
509	477	474	3
501	460	499	3
477	510	478	3
501	502	462	0
462	502	503	0
479	478	511	0
503	504	463	3
487	488	498	3
506	505	464	3
507	464	505	3
508	465	504	3
512	484	482	3
506	465	509	3
465	508	509	3
479	511	497	0
506	473	505	3
475	507	505	3
509	474	506	3
488	490	513	3
514	490	489	3
489	491	514	3
509	510	477	3
491	492	514	3
488	513	498	3
478	510	511	0
494	497	511	0
517	492	496	0
518	495	494	0
500	498	513	3
520	496	495	0
490	515	513	3
521	499	500	3
514	516	490	0
501	499	521	3
490	516	515	0
511	518	494	0
517	514	492	0
502	501	521	0
503	502	522	0
500	513	515	3
503	524	504	3
495	518	519	0
520	517	496	0
495	519	520	0
521	500	515	3
525	508	504	3
526	509	508	3
509	526	510	3
502	521	523	0
526	511	510	0
516	514	517	0
522	502	523	0
503	522	524	3
516	517	520	0
525	504	524	3
515	516	523	0
518	511	526	0
516	520	523	0
525	526	508	3
521	515	523	0
519	518	525	0
520	519	527	0
525	524	519	0
525	518	526	0
527	523	520	0
524	527	519	0
523	527	522	0
522	527	524	0
4
1	0
1	0
1	0
1	0
